(kicad_pcb (version 20160815) (host pcbnew "(2016-12-18 revision 3ffa37c)-master")

  (general
    (links 36)
    (no_connects 7)
    (area 50.056038 53.089999 118.20604 88.53013)
    (thickness 1.6)
    (drawings 6)
    (tracks 123)
    (zones 0)
    (modules 21)
    (nets 11)
  )

  (page A4)
  (layers
    (0 F.Cu signal)
    (31 B.Cu signal)
    (32 B.Adhes user)
    (33 F.Adhes user)
    (34 B.Paste user)
    (35 F.Paste user)
    (36 B.SilkS user)
    (37 F.SilkS user)
    (38 B.Mask user)
    (39 F.Mask user)
    (40 Dwgs.User user)
    (41 Cmts.User user)
    (42 Eco1.User user)
    (43 Eco2.User user)
    (44 Edge.Cuts user)
    (45 Margin user)
    (46 B.CrtYd user)
    (47 F.CrtYd user)
    (48 B.Fab user)
    (49 F.Fab user)
  )

  (setup
    (last_trace_width 0.75)
    (trace_clearance 0.75)
    (zone_clearance 0.508)
    (zone_45_only no)
    (trace_min 0.2)
    (segment_width 0.2)
    (edge_width 0.15)
    (via_size 0.8)
    (via_drill 0.4)
    (via_min_size 0.4)
    (via_min_drill 0.3)
    (uvia_size 0.3)
    (uvia_drill 0.1)
    (uvias_allowed no)
    (uvia_min_size 0.2)
    (uvia_min_drill 0.1)
    (pcb_text_width 0.3)
    (pcb_text_size 1.5 1.5)
    (mod_edge_width 0.15)
    (mod_text_size 1 1)
    (mod_text_width 0.15)
    (pad_size 1.524 1.524)
    (pad_drill 0.762)
    (pad_to_mask_clearance 0.2)
    (aux_axis_origin 111.125 50.165)
    (grid_origin 111.125 50.165)
    (visible_elements FFFFFF7F)
    (pcbplotparams
      (layerselection 0x00000_fffffffe)
      (usegerberextensions false)
      (excludeedgelayer false)
      (linewidth 0.100000)
      (plotframeref false)
      (viasonmask false)
      (mode 1)
      (useauxorigin false)
      (hpglpennumber 1)
      (hpglpenspeed 20)
      (hpglpendiameter 15)
      (psnegative false)
      (psa4output false)
      (plotreference false)
      (plotvalue false)
      (plotinvisibletext false)
      (padsonsilk false)
      (subtractmaskfromsilk false)
      (outputformat 5)
      (mirror false)
      (drillshape 1)
      (scaleselection 1)
      (outputdirectory ""))
  )

  (net 0 "")
  (net 1 +5V)
  (net 2 "Net-(C1-Pad1)")
  (net 3 GND)
  (net 4 "Net-(C2-Pad1)")
  (net 5 "Net-(C3-Pad1)")
  (net 6 "Net-(C4-Pad1)")
  (net 7 "Net-(P1-Pad3)")
  (net 8 "Net-(P1-Pad4)")
  (net 9 "Net-(P1-Pad5)")
  (net 10 "Net-(P1-Pad6)")

  (net_class Default "This is the default net class."
    (clearance 0.75)
    (trace_width 0.75)
    (via_dia 0.8)
    (via_drill 0.4)
    (uvia_dia 0.3)
    (uvia_drill 0.1)
    (diff_pair_gap 0.5)
    (diff_pair_width 0.75)
    (add_net +5V)
    (add_net GND)
  )

  (net_class HC ""
    (clearance 0.75)
    (trace_width 1)
    (via_dia 0.8)
    (via_drill 0.4)
    (uvia_dia 0.3)
    (uvia_drill 0.1)
    (diff_pair_gap 0.5)
    (diff_pair_width 1)
    (add_net "Net-(C1-Pad1)")
    (add_net "Net-(C2-Pad1)")
    (add_net "Net-(C3-Pad1)")
    (add_net "Net-(C4-Pad1)")
    (add_net "Net-(P1-Pad3)")
    (add_net "Net-(P1-Pad4)")
    (add_net "Net-(P1-Pad5)")
    (add_net "Net-(P1-Pad6)")
  )

  (module Capacitors_THT:C_Radial_D5_L11_P2 (layer F.Cu) (tedit 0) (tstamp 58DC0817)
    (at 108.49 75.601797)
    (descr "Radial Electrolytic Capacitor 5mm x Length 11mm, Pitch 2mm")
    (tags "Electrolytic Capacitor")
    (path /58D86A04)
    (fp_text reference C1 (at 4.54 0 90) (layer F.SilkS)
      (effects (font (size 1 1) (thickness 0.15)))
    )
    (fp_text value 10uF (at 1.365 3.81 180) (layer F.Fab)
      (effects (font (size 1 1) (thickness 0.15)))
    )
    (fp_line (start 1.075 -2.499) (end 1.075 2.499) (layer F.SilkS) (width 0.15))
    (fp_line (start 1.215 -2.491) (end 1.215 -0.154) (layer F.SilkS) (width 0.15))
    (fp_line (start 1.215 0.154) (end 1.215 2.491) (layer F.SilkS) (width 0.15))
    (fp_line (start 1.355 -2.475) (end 1.355 -0.473) (layer F.SilkS) (width 0.15))
    (fp_line (start 1.355 0.473) (end 1.355 2.475) (layer F.SilkS) (width 0.15))
    (fp_line (start 1.495 -2.451) (end 1.495 -0.62) (layer F.SilkS) (width 0.15))
    (fp_line (start 1.495 0.62) (end 1.495 2.451) (layer F.SilkS) (width 0.15))
    (fp_line (start 1.635 -2.418) (end 1.635 -0.712) (layer F.SilkS) (width 0.15))
    (fp_line (start 1.635 0.712) (end 1.635 2.418) (layer F.SilkS) (width 0.15))
    (fp_line (start 1.775 -2.377) (end 1.775 -0.768) (layer F.SilkS) (width 0.15))
    (fp_line (start 1.775 0.768) (end 1.775 2.377) (layer F.SilkS) (width 0.15))
    (fp_line (start 1.915 -2.327) (end 1.915 -0.795) (layer F.SilkS) (width 0.15))
    (fp_line (start 1.915 0.795) (end 1.915 2.327) (layer F.SilkS) (width 0.15))
    (fp_line (start 2.055 -2.266) (end 2.055 -0.798) (layer F.SilkS) (width 0.15))
    (fp_line (start 2.055 0.798) (end 2.055 2.266) (layer F.SilkS) (width 0.15))
    (fp_line (start 2.195 -2.196) (end 2.195 -0.776) (layer F.SilkS) (width 0.15))
    (fp_line (start 2.195 0.776) (end 2.195 2.196) (layer F.SilkS) (width 0.15))
    (fp_line (start 2.335 -2.114) (end 2.335 -0.726) (layer F.SilkS) (width 0.15))
    (fp_line (start 2.335 0.726) (end 2.335 2.114) (layer F.SilkS) (width 0.15))
    (fp_line (start 2.475 -2.019) (end 2.475 -0.644) (layer F.SilkS) (width 0.15))
    (fp_line (start 2.475 0.644) (end 2.475 2.019) (layer F.SilkS) (width 0.15))
    (fp_line (start 2.615 -1.908) (end 2.615 -0.512) (layer F.SilkS) (width 0.15))
    (fp_line (start 2.615 0.512) (end 2.615 1.908) (layer F.SilkS) (width 0.15))
    (fp_line (start 2.755 -1.78) (end 2.755 -0.265) (layer F.SilkS) (width 0.15))
    (fp_line (start 2.755 0.265) (end 2.755 1.78) (layer F.SilkS) (width 0.15))
    (fp_line (start 2.895 -1.631) (end 2.895 1.631) (layer F.SilkS) (width 0.15))
    (fp_line (start 3.035 -1.452) (end 3.035 1.452) (layer F.SilkS) (width 0.15))
    (fp_line (start 3.175 -1.233) (end 3.175 1.233) (layer F.SilkS) (width 0.15))
    (fp_line (start 3.315 -0.944) (end 3.315 0.944) (layer F.SilkS) (width 0.15))
    (fp_line (start 3.455 -0.472) (end 3.455 0.472) (layer F.SilkS) (width 0.15))
    (fp_circle (center 2 0) (end 2 -0.8) (layer F.SilkS) (width 0.15))
    (fp_circle (center 1 0) (end 1 -2.5375) (layer F.SilkS) (width 0.15))
    (fp_circle (center 1 0) (end 1 -2.8) (layer F.CrtYd) (width 0.05))
    (pad 1 thru_hole rect (at 0 0) (size 1.3 1.3) (drill 0.8) (layers *.Cu *.Mask)
      (net 2 "Net-(C1-Pad1)"))
    (pad 2 thru_hole circle (at 2 0) (size 1.3 1.3) (drill 0.8) (layers *.Cu *.Mask)
      (net 3 GND))
    (model Capacitors_ThroughHole.3dshapes/C_Radial_D5_L11_P2.wrl
      (at (xyz 0 0 0))
      (scale (xyz 1 1 1))
      (rotate (xyz 0 0 0))
    )
  )

  (module Capacitors_THT:C_Radial_D5_L11_P2 (layer F.Cu) (tedit 0) (tstamp 58DC08FD)
    (at 74.835 75.601797)
    (descr "Radial Electrolytic Capacitor 5mm x Length 11mm, Pitch 2mm")
    (tags "Electrolytic Capacitor")
    (path /58DC0807)
    (fp_text reference C3 (at 4.54 0 90) (layer F.SilkS)
      (effects (font (size 1 1) (thickness 0.15)))
    )
    (fp_text value 10uF (at 1.365 3.8) (layer F.Fab)
      (effects (font (size 1 1) (thickness 0.15)))
    )
    (fp_line (start 1.075 -2.499) (end 1.075 2.499) (layer F.SilkS) (width 0.15))
    (fp_line (start 1.215 -2.491) (end 1.215 -0.154) (layer F.SilkS) (width 0.15))
    (fp_line (start 1.215 0.154) (end 1.215 2.491) (layer F.SilkS) (width 0.15))
    (fp_line (start 1.355 -2.475) (end 1.355 -0.473) (layer F.SilkS) (width 0.15))
    (fp_line (start 1.355 0.473) (end 1.355 2.475) (layer F.SilkS) (width 0.15))
    (fp_line (start 1.495 -2.451) (end 1.495 -0.62) (layer F.SilkS) (width 0.15))
    (fp_line (start 1.495 0.62) (end 1.495 2.451) (layer F.SilkS) (width 0.15))
    (fp_line (start 1.635 -2.418) (end 1.635 -0.712) (layer F.SilkS) (width 0.15))
    (fp_line (start 1.635 0.712) (end 1.635 2.418) (layer F.SilkS) (width 0.15))
    (fp_line (start 1.775 -2.377) (end 1.775 -0.768) (layer F.SilkS) (width 0.15))
    (fp_line (start 1.775 0.768) (end 1.775 2.377) (layer F.SilkS) (width 0.15))
    (fp_line (start 1.915 -2.327) (end 1.915 -0.795) (layer F.SilkS) (width 0.15))
    (fp_line (start 1.915 0.795) (end 1.915 2.327) (layer F.SilkS) (width 0.15))
    (fp_line (start 2.055 -2.266) (end 2.055 -0.798) (layer F.SilkS) (width 0.15))
    (fp_line (start 2.055 0.798) (end 2.055 2.266) (layer F.SilkS) (width 0.15))
    (fp_line (start 2.195 -2.196) (end 2.195 -0.776) (layer F.SilkS) (width 0.15))
    (fp_line (start 2.195 0.776) (end 2.195 2.196) (layer F.SilkS) (width 0.15))
    (fp_line (start 2.335 -2.114) (end 2.335 -0.726) (layer F.SilkS) (width 0.15))
    (fp_line (start 2.335 0.726) (end 2.335 2.114) (layer F.SilkS) (width 0.15))
    (fp_line (start 2.475 -2.019) (end 2.475 -0.644) (layer F.SilkS) (width 0.15))
    (fp_line (start 2.475 0.644) (end 2.475 2.019) (layer F.SilkS) (width 0.15))
    (fp_line (start 2.615 -1.908) (end 2.615 -0.512) (layer F.SilkS) (width 0.15))
    (fp_line (start 2.615 0.512) (end 2.615 1.908) (layer F.SilkS) (width 0.15))
    (fp_line (start 2.755 -1.78) (end 2.755 -0.265) (layer F.SilkS) (width 0.15))
    (fp_line (start 2.755 0.265) (end 2.755 1.78) (layer F.SilkS) (width 0.15))
    (fp_line (start 2.895 -1.631) (end 2.895 1.631) (layer F.SilkS) (width 0.15))
    (fp_line (start 3.035 -1.452) (end 3.035 1.452) (layer F.SilkS) (width 0.15))
    (fp_line (start 3.175 -1.233) (end 3.175 1.233) (layer F.SilkS) (width 0.15))
    (fp_line (start 3.315 -0.944) (end 3.315 0.944) (layer F.SilkS) (width 0.15))
    (fp_line (start 3.455 -0.472) (end 3.455 0.472) (layer F.SilkS) (width 0.15))
    (fp_circle (center 2 0) (end 2 -0.8) (layer F.SilkS) (width 0.15))
    (fp_circle (center 1 0) (end 1 -2.5375) (layer F.SilkS) (width 0.15))
    (fp_circle (center 1 0) (end 1 -2.8) (layer F.CrtYd) (width 0.05))
    (pad 1 thru_hole rect (at 0 0) (size 1.3 1.3) (drill 0.8) (layers *.Cu *.Mask)
      (net 5 "Net-(C3-Pad1)"))
    (pad 2 thru_hole circle (at 2 0) (size 1.3 1.3) (drill 0.8) (layers *.Cu *.Mask)
      (net 3 GND))
    (model Capacitors_ThroughHole.3dshapes/C_Radial_D5_L11_P2.wrl
      (at (xyz 0 0 0))
      (scale (xyz 1 1 1))
      (rotate (xyz 0 0 0))
    )
  )

  (module Pin_Headers:Pin_Header_Straight_1x02 (layer F.Cu) (tedit 58DC1306) (tstamp 58DC073D)
    (at 106.686039 83.221797 270)
    (descr "Through hole pin header")
    (tags "pin header")
    (path /58D8664C)
    (fp_text reference P2 (at 2.54 0) (layer F.SilkS)
      (effects (font (size 1 1) (thickness 0.15)))
    )
    (fp_text value CONN_01X02 (at 2.54 5.08) (layer F.Fab) hide
      (effects (font (size 1 1) (thickness 0.15)))
    )
    (fp_line (start 1.27 1.27) (end 1.27 3.81) (layer F.SilkS) (width 0.15))
    (fp_line (start 1.55 -1.55) (end 1.55 0) (layer F.SilkS) (width 0.15))
    (fp_line (start -1.75 -1.75) (end -1.75 4.3) (layer F.CrtYd) (width 0.05))
    (fp_line (start 1.75 -1.75) (end 1.75 4.3) (layer F.CrtYd) (width 0.05))
    (fp_line (start -1.75 -1.75) (end 1.75 -1.75) (layer F.CrtYd) (width 0.05))
    (fp_line (start -1.75 4.3) (end 1.75 4.3) (layer F.CrtYd) (width 0.05))
    (fp_line (start 1.27 1.27) (end -1.27 1.27) (layer F.SilkS) (width 0.15))
    (fp_line (start -1.55 0) (end -1.55 -1.55) (layer F.SilkS) (width 0.15))
    (fp_line (start -1.55 -1.55) (end 1.55 -1.55) (layer F.SilkS) (width 0.15))
    (fp_line (start -1.27 1.27) (end -1.27 3.81) (layer F.SilkS) (width 0.15))
    (fp_line (start -1.27 3.81) (end 1.27 3.81) (layer F.SilkS) (width 0.15))
    (pad 1 thru_hole rect (at 0 0 270) (size 2.032 2.032) (drill 1.016) (layers *.Cu *.Mask)
      (net 2 "Net-(C1-Pad1)"))
    (pad 2 thru_hole oval (at 0 2.54 270) (size 2.032 2.032) (drill 1.016) (layers *.Cu *.Mask)
      (net 7 "Net-(P1-Pad3)"))
    (model Pin_Headers.3dshapes/Pin_Header_Straight_1x02.wrl
      (at (xyz 0 -0.05 0))
      (scale (xyz 1 1 1))
      (rotate (xyz 0 0 90))
    )
  )

  (module Resistors_THT:Resistor_Horizontal_RM7mm (layer F.Cu) (tedit 569FCF07) (tstamp 58DC052D)
    (at 107.321039 64.806797)
    (descr "Resistor, Axial,  RM 7.62mm, 1/3W,")
    (tags "Resistor Axial RM 7.62mm 1/3W R3")
    (path /58D86BA9)
    (fp_text reference R2 (at 2.533961 -1.941797) (layer F.SilkS)
      (effects (font (size 1 1) (thickness 0.15)))
    )
    (fp_text value 10K (at 3.81 0) (layer F.Fab)
      (effects (font (size 1 1) (thickness 0.15)))
    )
    (fp_line (start 1.27 1.27) (end 1.27 -1.27) (layer F.SilkS) (width 0.15))
    (fp_line (start 6.35 1.27) (end 1.27 1.27) (layer F.SilkS) (width 0.15))
    (fp_line (start 6.35 -1.27) (end 6.35 1.27) (layer F.SilkS) (width 0.15))
    (fp_line (start 1.27 -1.27) (end 6.35 -1.27) (layer F.SilkS) (width 0.15))
    (fp_line (start -1.25 1.5) (end 8.85 1.5) (layer F.CrtYd) (width 0.05))
    (fp_line (start 8.85 -1.5) (end 8.85 1.5) (layer F.CrtYd) (width 0.05))
    (fp_line (start -1.25 1.5) (end -1.25 -1.5) (layer F.CrtYd) (width 0.05))
    (fp_line (start -1.25 -1.5) (end 8.85 -1.5) (layer F.CrtYd) (width 0.05))
    (pad 2 thru_hole circle (at 7.62 0) (size 1.99898 1.99898) (drill 1.00076) (layers *.Cu *.SilkS *.Mask)
      (net 3 GND))
    (pad 1 thru_hole circle (at 0 0) (size 1.99898 1.99898) (drill 1.00076) (layers *.Cu *.SilkS *.Mask)
      (net 2 "Net-(C1-Pad1)"))
  )

  (module Capacitors_THT:C_Radial_D5_L11_P2 (layer F.Cu) (tedit 58DC0866) (tstamp 58DC0970)
    (at 58.325 75.601797)
    (descr "Radial Electrolytic Capacitor 5mm x Length 11mm, Pitch 2mm")
    (tags "Electrolytic Capacitor")
    (path /58DC09D4)
    (fp_text reference C4 (at 4.54 0 90) (layer F.SilkS)
      (effects (font (size 1 1) (thickness 0.15)))
    )
    (fp_text value 10uF (at 1 3.8) (layer F.Fab)
      (effects (font (size 1 1) (thickness 0.15)))
    )
    (fp_circle (center 1 0) (end 1 -2.8) (layer F.CrtYd) (width 0.05))
    (fp_circle (center 1 0) (end 1 -2.5375) (layer F.SilkS) (width 0.15))
    (fp_circle (center 2 0) (end 2 -0.8) (layer F.SilkS) (width 0.15))
    (fp_line (start 3.455 -0.472) (end 3.455 0.472) (layer F.SilkS) (width 0.15))
    (fp_line (start 3.315 -0.944) (end 3.315 0.944) (layer F.SilkS) (width 0.15))
    (fp_line (start 3.175 -1.233) (end 3.175 1.233) (layer F.SilkS) (width 0.15))
    (fp_line (start 3.035 -1.452) (end 3.035 1.452) (layer F.SilkS) (width 0.15))
    (fp_line (start 2.895 -1.631) (end 2.895 1.631) (layer F.SilkS) (width 0.15))
    (fp_line (start 2.755 0.265) (end 2.755 1.78) (layer F.SilkS) (width 0.15))
    (fp_line (start 2.755 -1.78) (end 2.755 -0.265) (layer F.SilkS) (width 0.15))
    (fp_line (start 2.615 0.512) (end 2.615 1.908) (layer F.SilkS) (width 0.15))
    (fp_line (start 2.615 -1.908) (end 2.615 -0.512) (layer F.SilkS) (width 0.15))
    (fp_line (start 2.475 0.644) (end 2.475 2.019) (layer F.SilkS) (width 0.15))
    (fp_line (start 2.475 -2.019) (end 2.475 -0.644) (layer F.SilkS) (width 0.15))
    (fp_line (start 2.335 0.726) (end 2.335 2.114) (layer F.SilkS) (width 0.15))
    (fp_line (start 2.335 -2.114) (end 2.335 -0.726) (layer F.SilkS) (width 0.15))
    (fp_line (start 2.195 0.776) (end 2.195 2.196) (layer F.SilkS) (width 0.15))
    (fp_line (start 2.195 -2.196) (end 2.195 -0.776) (layer F.SilkS) (width 0.15))
    (fp_line (start 2.055 0.798) (end 2.055 2.266) (layer F.SilkS) (width 0.15))
    (fp_line (start 2.055 -2.266) (end 2.055 -0.798) (layer F.SilkS) (width 0.15))
    (fp_line (start 1.915 0.795) (end 1.915 2.327) (layer F.SilkS) (width 0.15))
    (fp_line (start 1.915 -2.327) (end 1.915 -0.795) (layer F.SilkS) (width 0.15))
    (fp_line (start 1.775 0.768) (end 1.775 2.377) (layer F.SilkS) (width 0.15))
    (fp_line (start 1.775 -2.377) (end 1.775 -0.768) (layer F.SilkS) (width 0.15))
    (fp_line (start 1.635 0.712) (end 1.635 2.418) (layer F.SilkS) (width 0.15))
    (fp_line (start 1.635 -2.418) (end 1.635 -0.712) (layer F.SilkS) (width 0.15))
    (fp_line (start 1.495 0.62) (end 1.495 2.451) (layer F.SilkS) (width 0.15))
    (fp_line (start 1.495 -2.451) (end 1.495 -0.62) (layer F.SilkS) (width 0.15))
    (fp_line (start 1.355 0.473) (end 1.355 2.475) (layer F.SilkS) (width 0.15))
    (fp_line (start 1.355 -2.475) (end 1.355 -0.473) (layer F.SilkS) (width 0.15))
    (fp_line (start 1.215 0.154) (end 1.215 2.491) (layer F.SilkS) (width 0.15))
    (fp_line (start 1.215 -2.491) (end 1.215 -0.154) (layer F.SilkS) (width 0.15))
    (fp_line (start 1.075 -2.499) (end 1.075 2.499) (layer F.SilkS) (width 0.15))
    (pad 2 thru_hole circle (at 2 0) (size 1.3 1.3) (drill 0.8) (layers *.Cu *.Mask)
      (net 3 GND))
    (pad 1 thru_hole rect (at 0 0) (size 1.3 1.3) (drill 0.8) (layers *.Cu *.Mask)
      (net 6 "Net-(C4-Pad1)"))
    (model Capacitors_ThroughHole.3dshapes/C_Radial_D5_L11_P2.wrl
      (at (xyz 0 0 0))
      (scale (xyz 1 1 1))
      (rotate (xyz 0 0 0))
    )
  )

  (module Capacitors_THT:C_Radial_D5_L11_P2 (layer F.Cu) (tedit 0) (tstamp 58DC088A)
    (at 91.98 75.601797)
    (descr "Radial Electrolytic Capacitor 5mm x Length 11mm, Pitch 2mm")
    (tags "Electrolytic Capacitor")
    (path /58DC01BA)
    (fp_text reference C2 (at 4.445 0 90) (layer F.SilkS)
      (effects (font (size 1 1) (thickness 0.15)))
    )
    (fp_text value 10uF (at 1.27 3.81) (layer F.Fab)
      (effects (font (size 1 1) (thickness 0.15)))
    )
    (fp_line (start 1.075 -2.499) (end 1.075 2.499) (layer F.SilkS) (width 0.15))
    (fp_line (start 1.215 -2.491) (end 1.215 -0.154) (layer F.SilkS) (width 0.15))
    (fp_line (start 1.215 0.154) (end 1.215 2.491) (layer F.SilkS) (width 0.15))
    (fp_line (start 1.355 -2.475) (end 1.355 -0.473) (layer F.SilkS) (width 0.15))
    (fp_line (start 1.355 0.473) (end 1.355 2.475) (layer F.SilkS) (width 0.15))
    (fp_line (start 1.495 -2.451) (end 1.495 -0.62) (layer F.SilkS) (width 0.15))
    (fp_line (start 1.495 0.62) (end 1.495 2.451) (layer F.SilkS) (width 0.15))
    (fp_line (start 1.635 -2.418) (end 1.635 -0.712) (layer F.SilkS) (width 0.15))
    (fp_line (start 1.635 0.712) (end 1.635 2.418) (layer F.SilkS) (width 0.15))
    (fp_line (start 1.775 -2.377) (end 1.775 -0.768) (layer F.SilkS) (width 0.15))
    (fp_line (start 1.775 0.768) (end 1.775 2.377) (layer F.SilkS) (width 0.15))
    (fp_line (start 1.915 -2.327) (end 1.915 -0.795) (layer F.SilkS) (width 0.15))
    (fp_line (start 1.915 0.795) (end 1.915 2.327) (layer F.SilkS) (width 0.15))
    (fp_line (start 2.055 -2.266) (end 2.055 -0.798) (layer F.SilkS) (width 0.15))
    (fp_line (start 2.055 0.798) (end 2.055 2.266) (layer F.SilkS) (width 0.15))
    (fp_line (start 2.195 -2.196) (end 2.195 -0.776) (layer F.SilkS) (width 0.15))
    (fp_line (start 2.195 0.776) (end 2.195 2.196) (layer F.SilkS) (width 0.15))
    (fp_line (start 2.335 -2.114) (end 2.335 -0.726) (layer F.SilkS) (width 0.15))
    (fp_line (start 2.335 0.726) (end 2.335 2.114) (layer F.SilkS) (width 0.15))
    (fp_line (start 2.475 -2.019) (end 2.475 -0.644) (layer F.SilkS) (width 0.15))
    (fp_line (start 2.475 0.644) (end 2.475 2.019) (layer F.SilkS) (width 0.15))
    (fp_line (start 2.615 -1.908) (end 2.615 -0.512) (layer F.SilkS) (width 0.15))
    (fp_line (start 2.615 0.512) (end 2.615 1.908) (layer F.SilkS) (width 0.15))
    (fp_line (start 2.755 -1.78) (end 2.755 -0.265) (layer F.SilkS) (width 0.15))
    (fp_line (start 2.755 0.265) (end 2.755 1.78) (layer F.SilkS) (width 0.15))
    (fp_line (start 2.895 -1.631) (end 2.895 1.631) (layer F.SilkS) (width 0.15))
    (fp_line (start 3.035 -1.452) (end 3.035 1.452) (layer F.SilkS) (width 0.15))
    (fp_line (start 3.175 -1.233) (end 3.175 1.233) (layer F.SilkS) (width 0.15))
    (fp_line (start 3.315 -0.944) (end 3.315 0.944) (layer F.SilkS) (width 0.15))
    (fp_line (start 3.455 -0.472) (end 3.455 0.472) (layer F.SilkS) (width 0.15))
    (fp_circle (center 2 0) (end 2 -0.8) (layer F.SilkS) (width 0.15))
    (fp_circle (center 1 0) (end 1 -2.5375) (layer F.SilkS) (width 0.15))
    (fp_circle (center 1 0) (end 1 -2.8) (layer F.CrtYd) (width 0.05))
    (pad 1 thru_hole rect (at 0 0) (size 1.3 1.3) (drill 0.8) (layers *.Cu *.Mask)
      (net 4 "Net-(C2-Pad1)"))
    (pad 2 thru_hole circle (at 2 0) (size 1.3 1.3) (drill 0.8) (layers *.Cu *.Mask)
      (net 3 GND))
    (model Capacitors_ThroughHole.3dshapes/C_Radial_D5_L11_P2.wrl
      (at (xyz 0 0 0))
      (scale (xyz 1 1 1))
      (rotate (xyz 0 0 0))
    )
  )

  (module Pin_Headers:Pin_Header_Straight_1x02 (layer F.Cu) (tedit 58DC138E) (tstamp 58DC07D0)
    (at 56.521039 83.221797 270)
    (descr "Through hole pin header")
    (tags "pin header")
    (path /58DBFCCB)
    (fp_text reference P5 (at 2.54 -0.635) (layer F.SilkS)
      (effects (font (size 1 1) (thickness 0.15)))
    )
    (fp_text value CONN_01X02 (at 0 -3.1 270) (layer F.Fab) hide
      (effects (font (size 1 1) (thickness 0.15)))
    )
    (fp_line (start -1.27 3.81) (end 1.27 3.81) (layer F.SilkS) (width 0.15))
    (fp_line (start -1.27 1.27) (end -1.27 3.81) (layer F.SilkS) (width 0.15))
    (fp_line (start -1.55 -1.55) (end 1.55 -1.55) (layer F.SilkS) (width 0.15))
    (fp_line (start -1.55 0) (end -1.55 -1.55) (layer F.SilkS) (width 0.15))
    (fp_line (start 1.27 1.27) (end -1.27 1.27) (layer F.SilkS) (width 0.15))
    (fp_line (start -1.75 4.3) (end 1.75 4.3) (layer F.CrtYd) (width 0.05))
    (fp_line (start -1.75 -1.75) (end 1.75 -1.75) (layer F.CrtYd) (width 0.05))
    (fp_line (start 1.75 -1.75) (end 1.75 4.3) (layer F.CrtYd) (width 0.05))
    (fp_line (start -1.75 -1.75) (end -1.75 4.3) (layer F.CrtYd) (width 0.05))
    (fp_line (start 1.55 -1.55) (end 1.55 0) (layer F.SilkS) (width 0.15))
    (fp_line (start 1.27 1.27) (end 1.27 3.81) (layer F.SilkS) (width 0.15))
    (pad 2 thru_hole oval (at 0 2.54 270) (size 2.032 2.032) (drill 1.016) (layers *.Cu *.Mask)
      (net 10 "Net-(P1-Pad6)"))
    (pad 1 thru_hole rect (at 0 0 270) (size 2.032 2.032) (drill 1.016) (layers *.Cu *.Mask)
      (net 6 "Net-(C4-Pad1)"))
    (model Pin_Headers.3dshapes/Pin_Header_Straight_1x02.wrl
      (at (xyz 0 -0.05 0))
      (scale (xyz 1 1 1))
      (rotate (xyz 0 0 90))
    )
  )

  (module Pin_Headers:Pin_Header_Straight_1x02 (layer F.Cu) (tedit 58DC1360) (tstamp 58DC079F)
    (at 73.031039 83.221797 270)
    (descr "Through hole pin header")
    (tags "pin header")
    (path /58DBFC7D)
    (fp_text reference P4 (at 2.54 -0.635) (layer F.SilkS)
      (effects (font (size 1 1) (thickness 0.15)))
    )
    (fp_text value CONN_01X02 (at 0 -3.1 270) (layer F.Fab) hide
      (effects (font (size 1 1) (thickness 0.15)))
    )
    (fp_line (start 1.27 1.27) (end 1.27 3.81) (layer F.SilkS) (width 0.15))
    (fp_line (start 1.55 -1.55) (end 1.55 0) (layer F.SilkS) (width 0.15))
    (fp_line (start -1.75 -1.75) (end -1.75 4.3) (layer F.CrtYd) (width 0.05))
    (fp_line (start 1.75 -1.75) (end 1.75 4.3) (layer F.CrtYd) (width 0.05))
    (fp_line (start -1.75 -1.75) (end 1.75 -1.75) (layer F.CrtYd) (width 0.05))
    (fp_line (start -1.75 4.3) (end 1.75 4.3) (layer F.CrtYd) (width 0.05))
    (fp_line (start 1.27 1.27) (end -1.27 1.27) (layer F.SilkS) (width 0.15))
    (fp_line (start -1.55 0) (end -1.55 -1.55) (layer F.SilkS) (width 0.15))
    (fp_line (start -1.55 -1.55) (end 1.55 -1.55) (layer F.SilkS) (width 0.15))
    (fp_line (start -1.27 1.27) (end -1.27 3.81) (layer F.SilkS) (width 0.15))
    (fp_line (start -1.27 3.81) (end 1.27 3.81) (layer F.SilkS) (width 0.15))
    (pad 1 thru_hole rect (at 0 0 270) (size 2.032 2.032) (drill 1.016) (layers *.Cu *.Mask)
      (net 5 "Net-(C3-Pad1)"))
    (pad 2 thru_hole oval (at 0 2.54 270) (size 2.032 2.032) (drill 1.016) (layers *.Cu *.Mask)
      (net 9 "Net-(P1-Pad5)"))
    (model Pin_Headers.3dshapes/Pin_Header_Straight_1x02.wrl
      (at (xyz 0 -0.05 0))
      (scale (xyz 1 1 1))
      (rotate (xyz 0 0 90))
    )
  )

  (module Pin_Headers:Pin_Header_Straight_1x02 (layer F.Cu) (tedit 58DC132F) (tstamp 58DC076E)
    (at 90.176039 83.221797 270)
    (descr "Through hole pin header")
    (tags "pin header")
    (path /58DBFC06)
    (fp_text reference P3 (at 2.54 0) (layer F.SilkS)
      (effects (font (size 1 1) (thickness 0.15)))
    )
    (fp_text value CONN_01X02 (at 0 -3.1 270) (layer F.Fab) hide
      (effects (font (size 1 1) (thickness 0.15)))
    )
    (fp_line (start -1.27 3.81) (end 1.27 3.81) (layer F.SilkS) (width 0.15))
    (fp_line (start -1.27 1.27) (end -1.27 3.81) (layer F.SilkS) (width 0.15))
    (fp_line (start -1.55 -1.55) (end 1.55 -1.55) (layer F.SilkS) (width 0.15))
    (fp_line (start -1.55 0) (end -1.55 -1.55) (layer F.SilkS) (width 0.15))
    (fp_line (start 1.27 1.27) (end -1.27 1.27) (layer F.SilkS) (width 0.15))
    (fp_line (start -1.75 4.3) (end 1.75 4.3) (layer F.CrtYd) (width 0.05))
    (fp_line (start -1.75 -1.75) (end 1.75 -1.75) (layer F.CrtYd) (width 0.05))
    (fp_line (start 1.75 -1.75) (end 1.75 4.3) (layer F.CrtYd) (width 0.05))
    (fp_line (start -1.75 -1.75) (end -1.75 4.3) (layer F.CrtYd) (width 0.05))
    (fp_line (start 1.55 -1.55) (end 1.55 0) (layer F.SilkS) (width 0.15))
    (fp_line (start 1.27 1.27) (end 1.27 3.81) (layer F.SilkS) (width 0.15))
    (pad 2 thru_hole oval (at 0 2.54 270) (size 2.032 2.032) (drill 1.016) (layers *.Cu *.Mask)
      (net 8 "Net-(P1-Pad4)"))
    (pad 1 thru_hole rect (at 0 0 270) (size 2.032 2.032) (drill 1.016) (layers *.Cu *.Mask)
      (net 4 "Net-(C2-Pad1)"))
    (model Pin_Headers.3dshapes/Pin_Header_Straight_1x02.wrl
      (at (xyz 0 -0.05 0))
      (scale (xyz 1 1 1))
      (rotate (xyz 0 0 90))
    )
  )

  (module Pin_Headers:Pin_Header_Straight_1x06 (layer F.Cu) (tedit 58DC1613) (tstamp 58DC0704)
    (at 111.125 55.88 270)
    (descr "Through hole pin header")
    (tags "pin header")
    (path /58DC1AC0)
    (fp_text reference P1 (at -0.036797 -2.533961 270) (layer F.SilkS)
      (effects (font (size 1 1) (thickness 0.15)))
    )
    (fp_text value CONN_01X06 (at 2.54 6.35) (layer F.Fab) hide
      (effects (font (size 1 1) (thickness 0.15)))
    )
    (fp_line (start -1.75 -1.75) (end -1.75 14.45) (layer F.CrtYd) (width 0.05))
    (fp_line (start 1.75 -1.75) (end 1.75 14.45) (layer F.CrtYd) (width 0.05))
    (fp_line (start -1.75 -1.75) (end 1.75 -1.75) (layer F.CrtYd) (width 0.05))
    (fp_line (start -1.75 14.45) (end 1.75 14.45) (layer F.CrtYd) (width 0.05))
    (fp_line (start 1.27 1.27) (end 1.27 13.97) (layer F.SilkS) (width 0.15))
    (fp_line (start 1.27 13.97) (end -1.27 13.97) (layer F.SilkS) (width 0.15))
    (fp_line (start -1.27 13.97) (end -1.27 1.27) (layer F.SilkS) (width 0.15))
    (fp_line (start 1.55 -1.55) (end 1.55 0) (layer F.SilkS) (width 0.15))
    (fp_line (start 1.27 1.27) (end -1.27 1.27) (layer F.SilkS) (width 0.15))
    (fp_line (start -1.55 0) (end -1.55 -1.55) (layer F.SilkS) (width 0.15))
    (fp_line (start -1.55 -1.55) (end 1.55 -1.55) (layer F.SilkS) (width 0.15))
    (pad 1 thru_hole rect (at 0 0 270) (size 2.032 1.7272) (drill 1.016) (layers *.Cu *.Mask)
      (net 1 +5V))
    (pad 2 thru_hole oval (at 0 2.54 270) (size 2.032 1.7272) (drill 1.016) (layers *.Cu *.Mask)
      (net 3 GND))
    (pad 3 thru_hole oval (at 0 5.08 270) (size 2.032 1.7272) (drill 1.016) (layers *.Cu *.Mask)
      (net 7 "Net-(P1-Pad3)"))
    (pad 4 thru_hole oval (at 0 7.62 270) (size 2.032 1.7272) (drill 1.016) (layers *.Cu *.Mask)
      (net 8 "Net-(P1-Pad4)"))
    (pad 5 thru_hole oval (at 0 10.16 270) (size 2.032 1.7272) (drill 1.016) (layers *.Cu *.Mask)
      (net 9 "Net-(P1-Pad5)"))
    (pad 6 thru_hole oval (at 0 12.7 270) (size 2.032 1.7272) (drill 1.016) (layers *.Cu *.Mask)
      (net 10 "Net-(P1-Pad6)"))
    (model Pin_Headers.3dshapes/Pin_Header_Straight_1x06.wrl
      (at (xyz 0 -0.25 0))
      (scale (xyz 1 1 1))
      (rotate (xyz 0 0 90))
    )
  )

  (module Resistors_THT:Resistor_Horizontal_RM15mm (layer F.Cu) (tedit 569FCEE8) (tstamp 58DC06D1)
    (at 53.981039 64.806797 270)
    (descr "Resistor, Axial, RM 15mm,")
    (tags "Resistor Axial RM 15mm")
    (path /58DBFCD1)
    (fp_text reference R12 (at 7.62 -1.905 270) (layer F.SilkS)
      (effects (font (size 1 1) (thickness 0.15)))
    )
    (fp_text value 18 (at 7.62 0 270) (layer F.Fab)
      (effects (font (size 1 1) (thickness 0.15)))
    )
    (fp_line (start 1.27 0) (end 2.42 0) (layer F.SilkS) (width 0.15))
    (fp_line (start 13.73 0) (end 12.58 0) (layer F.SilkS) (width 0.15))
    (fp_line (start 12.58 -1.27) (end 2.42 -1.27) (layer F.SilkS) (width 0.15))
    (fp_line (start 12.58 1.27) (end 12.58 -1.27) (layer F.SilkS) (width 0.15))
    (fp_line (start 2.42 1.27) (end 12.58 1.27) (layer F.SilkS) (width 0.15))
    (fp_line (start 2.42 -1.27) (end 2.42 1.27) (layer F.SilkS) (width 0.15))
    (fp_line (start 16.25 1.5) (end -1.25 1.5) (layer F.CrtYd) (width 0.05))
    (fp_line (start 16.25 -1.5) (end 16.25 1.5) (layer F.CrtYd) (width 0.05))
    (fp_line (start -1.25 -1.5) (end 16.25 -1.5) (layer F.CrtYd) (width 0.05))
    (fp_line (start -1.25 1.5) (end -1.25 -1.5) (layer F.CrtYd) (width 0.05))
    (pad 2 thru_hole circle (at 15 0 270) (size 1.99898 1.99898) (drill 1.00076) (layers *.Cu *.SilkS *.Mask)
      (net 10 "Net-(P1-Pad6)"))
    (pad 1 thru_hole circle (at 0 0 270) (size 1.99898 1.99898) (drill 1.00076) (layers *.Cu *.SilkS *.Mask)
      (net 6 "Net-(C4-Pad1)"))
    (model Resistors_ThroughHole.3dshapes/Resistor_Horizontal_RM15mm.wrl
      (at (xyz 0.295 0 0))
      (scale (xyz 0.395 0.4 0.4))
      (rotate (xyz 0 0 0))
    )
  )

  (module Resistors_THT:Resistor_Horizontal_RM15mm (layer F.Cu) (tedit 569FCEE8) (tstamp 58DC06A3)
    (at 70.491039 64.806797 270)
    (descr "Resistor, Axial, RM 15mm,")
    (tags "Resistor Axial RM 15mm")
    (path /58DBFC83)
    (fp_text reference R11 (at 7.62 -1.905 270) (layer F.SilkS)
      (effects (font (size 1 1) (thickness 0.15)))
    )
    (fp_text value 18 (at 7.62 0 270) (layer F.Fab)
      (effects (font (size 1 1) (thickness 0.15)))
    )
    (fp_line (start -1.25 1.5) (end -1.25 -1.5) (layer F.CrtYd) (width 0.05))
    (fp_line (start -1.25 -1.5) (end 16.25 -1.5) (layer F.CrtYd) (width 0.05))
    (fp_line (start 16.25 -1.5) (end 16.25 1.5) (layer F.CrtYd) (width 0.05))
    (fp_line (start 16.25 1.5) (end -1.25 1.5) (layer F.CrtYd) (width 0.05))
    (fp_line (start 2.42 -1.27) (end 2.42 1.27) (layer F.SilkS) (width 0.15))
    (fp_line (start 2.42 1.27) (end 12.58 1.27) (layer F.SilkS) (width 0.15))
    (fp_line (start 12.58 1.27) (end 12.58 -1.27) (layer F.SilkS) (width 0.15))
    (fp_line (start 12.58 -1.27) (end 2.42 -1.27) (layer F.SilkS) (width 0.15))
    (fp_line (start 13.73 0) (end 12.58 0) (layer F.SilkS) (width 0.15))
    (fp_line (start 1.27 0) (end 2.42 0) (layer F.SilkS) (width 0.15))
    (pad 1 thru_hole circle (at 0 0 270) (size 1.99898 1.99898) (drill 1.00076) (layers *.Cu *.SilkS *.Mask)
      (net 5 "Net-(C3-Pad1)"))
    (pad 2 thru_hole circle (at 15 0 270) (size 1.99898 1.99898) (drill 1.00076) (layers *.Cu *.SilkS *.Mask)
      (net 9 "Net-(P1-Pad5)"))
    (model Resistors_ThroughHole.3dshapes/Resistor_Horizontal_RM15mm.wrl
      (at (xyz 0.295 0 0))
      (scale (xyz 0.395 0.4 0.4))
      (rotate (xyz 0 0 0))
    )
  )

  (module Resistors_THT:Resistor_Horizontal_RM15mm (layer F.Cu) (tedit 569FCEE8) (tstamp 58DC0675)
    (at 87.636039 64.806797 270)
    (descr "Resistor, Axial, RM 15mm,")
    (tags "Resistor Axial RM 15mm")
    (path /58DBFC0C)
    (fp_text reference R10 (at 7.5 -1.905 270) (layer F.SilkS)
      (effects (font (size 1 1) (thickness 0.15)))
    )
    (fp_text value 18 (at 7.5 0 270) (layer F.Fab)
      (effects (font (size 1 1) (thickness 0.15)))
    )
    (fp_line (start 1.27 0) (end 2.42 0) (layer F.SilkS) (width 0.15))
    (fp_line (start 13.73 0) (end 12.58 0) (layer F.SilkS) (width 0.15))
    (fp_line (start 12.58 -1.27) (end 2.42 -1.27) (layer F.SilkS) (width 0.15))
    (fp_line (start 12.58 1.27) (end 12.58 -1.27) (layer F.SilkS) (width 0.15))
    (fp_line (start 2.42 1.27) (end 12.58 1.27) (layer F.SilkS) (width 0.15))
    (fp_line (start 2.42 -1.27) (end 2.42 1.27) (layer F.SilkS) (width 0.15))
    (fp_line (start 16.25 1.5) (end -1.25 1.5) (layer F.CrtYd) (width 0.05))
    (fp_line (start 16.25 -1.5) (end 16.25 1.5) (layer F.CrtYd) (width 0.05))
    (fp_line (start -1.25 -1.5) (end 16.25 -1.5) (layer F.CrtYd) (width 0.05))
    (fp_line (start -1.25 1.5) (end -1.25 -1.5) (layer F.CrtYd) (width 0.05))
    (pad 2 thru_hole circle (at 15 0 270) (size 1.99898 1.99898) (drill 1.00076) (layers *.Cu *.SilkS *.Mask)
      (net 8 "Net-(P1-Pad4)"))
    (pad 1 thru_hole circle (at 0 0 270) (size 1.99898 1.99898) (drill 1.00076) (layers *.Cu *.SilkS *.Mask)
      (net 4 "Net-(C2-Pad1)"))
    (model Resistors_ThroughHole.3dshapes/Resistor_Horizontal_RM15mm.wrl
      (at (xyz 0.295 0 0))
      (scale (xyz 0.395 0.4 0.4))
      (rotate (xyz 0 0 0))
    )
  )

  (module Resistors_THT:Resistor_Horizontal_RM15mm (layer F.Cu) (tedit 569FCEE8) (tstamp 58DC0647)
    (at 104.146039 64.806797 270)
    (descr "Resistor, Axial, RM 15mm,")
    (tags "Resistor Axial RM 15mm")
    (path /58D867E3)
    (fp_text reference R9 (at 7.5 -1.905 270) (layer F.SilkS)
      (effects (font (size 1 1) (thickness 0.15)))
    )
    (fp_text value 18 (at 7.5 0 270) (layer F.Fab)
      (effects (font (size 1 1) (thickness 0.15)))
    )
    (fp_line (start -1.25 1.5) (end -1.25 -1.5) (layer F.CrtYd) (width 0.05))
    (fp_line (start -1.25 -1.5) (end 16.25 -1.5) (layer F.CrtYd) (width 0.05))
    (fp_line (start 16.25 -1.5) (end 16.25 1.5) (layer F.CrtYd) (width 0.05))
    (fp_line (start 16.25 1.5) (end -1.25 1.5) (layer F.CrtYd) (width 0.05))
    (fp_line (start 2.42 -1.27) (end 2.42 1.27) (layer F.SilkS) (width 0.15))
    (fp_line (start 2.42 1.27) (end 12.58 1.27) (layer F.SilkS) (width 0.15))
    (fp_line (start 12.58 1.27) (end 12.58 -1.27) (layer F.SilkS) (width 0.15))
    (fp_line (start 12.58 -1.27) (end 2.42 -1.27) (layer F.SilkS) (width 0.15))
    (fp_line (start 13.73 0) (end 12.58 0) (layer F.SilkS) (width 0.15))
    (fp_line (start 1.27 0) (end 2.42 0) (layer F.SilkS) (width 0.15))
    (pad 1 thru_hole circle (at 0 0 270) (size 1.99898 1.99898) (drill 1.00076) (layers *.Cu *.SilkS *.Mask)
      (net 2 "Net-(C1-Pad1)"))
    (pad 2 thru_hole circle (at 15 0 270) (size 1.99898 1.99898) (drill 1.00076) (layers *.Cu *.SilkS *.Mask)
      (net 7 "Net-(P1-Pad3)"))
    (model Resistors_ThroughHole.3dshapes/Resistor_Horizontal_RM15mm.wrl
      (at (xyz 0.295 0 0))
      (scale (xyz 0.395 0.4 0.4))
      (rotate (xyz 0 0 0))
    )
  )

  (module Resistors_THT:Resistor_Horizontal_RM7mm (layer F.Cu) (tedit 569FCF07) (tstamp 58DC061D)
    (at 57.156039 64.806797)
    (descr "Resistor, Axial,  RM 7.62mm, 1/3W,")
    (tags "Resistor Axial RM 7.62mm 1/3W R3")
    (path /58DC09DA)
    (fp_text reference R8 (at 2.533961 -1.941797) (layer F.SilkS)
      (effects (font (size 1 1) (thickness 0.15)))
    )
    (fp_text value 10K (at 3.81 0) (layer F.Fab)
      (effects (font (size 1 1) (thickness 0.15)))
    )
    (fp_line (start -1.25 -1.5) (end 8.85 -1.5) (layer F.CrtYd) (width 0.05))
    (fp_line (start -1.25 1.5) (end -1.25 -1.5) (layer F.CrtYd) (width 0.05))
    (fp_line (start 8.85 -1.5) (end 8.85 1.5) (layer F.CrtYd) (width 0.05))
    (fp_line (start -1.25 1.5) (end 8.85 1.5) (layer F.CrtYd) (width 0.05))
    (fp_line (start 1.27 -1.27) (end 6.35 -1.27) (layer F.SilkS) (width 0.15))
    (fp_line (start 6.35 -1.27) (end 6.35 1.27) (layer F.SilkS) (width 0.15))
    (fp_line (start 6.35 1.27) (end 1.27 1.27) (layer F.SilkS) (width 0.15))
    (fp_line (start 1.27 1.27) (end 1.27 -1.27) (layer F.SilkS) (width 0.15))
    (pad 1 thru_hole circle (at 0 0) (size 1.99898 1.99898) (drill 1.00076) (layers *.Cu *.SilkS *.Mask)
      (net 6 "Net-(C4-Pad1)"))
    (pad 2 thru_hole circle (at 7.62 0) (size 1.99898 1.99898) (drill 1.00076) (layers *.Cu *.SilkS *.Mask)
      (net 3 GND))
  )

  (module Resistors_THT:Resistor_Horizontal_RM7mm (layer F.Cu) (tedit 569FCF07) (tstamp 58DC05F5)
    (at 64.776039 69.886797 180)
    (descr "Resistor, Axial,  RM 7.62mm, 1/3W,")
    (tags "Resistor Axial RM 7.62mm 1/3W R3")
    (path /58DC09E1)
    (fp_text reference R7 (at 5.086039 1.941797 180) (layer F.SilkS)
      (effects (font (size 1 1) (thickness 0.15)))
    )
    (fp_text value 10K (at 3.81 0 180) (layer F.Fab)
      (effects (font (size 1 1) (thickness 0.15)))
    )
    (fp_line (start -1.25 -1.5) (end 8.85 -1.5) (layer F.CrtYd) (width 0.05))
    (fp_line (start -1.25 1.5) (end -1.25 -1.5) (layer F.CrtYd) (width 0.05))
    (fp_line (start 8.85 -1.5) (end 8.85 1.5) (layer F.CrtYd) (width 0.05))
    (fp_line (start -1.25 1.5) (end 8.85 1.5) (layer F.CrtYd) (width 0.05))
    (fp_line (start 1.27 -1.27) (end 6.35 -1.27) (layer F.SilkS) (width 0.15))
    (fp_line (start 6.35 -1.27) (end 6.35 1.27) (layer F.SilkS) (width 0.15))
    (fp_line (start 6.35 1.27) (end 1.27 1.27) (layer F.SilkS) (width 0.15))
    (fp_line (start 1.27 1.27) (end 1.27 -1.27) (layer F.SilkS) (width 0.15))
    (pad 1 thru_hole circle (at 0 0 180) (size 1.99898 1.99898) (drill 1.00076) (layers *.Cu *.SilkS *.Mask)
      (net 1 +5V))
    (pad 2 thru_hole circle (at 7.62 0 180) (size 1.99898 1.99898) (drill 1.00076) (layers *.Cu *.SilkS *.Mask)
      (net 6 "Net-(C4-Pad1)"))
  )

  (module Resistors_THT:Resistor_Horizontal_RM7mm (layer F.Cu) (tedit 569FCF07) (tstamp 58DC05CD)
    (at 73.666039 64.806797)
    (descr "Resistor, Axial,  RM 7.62mm, 1/3W,")
    (tags "Resistor Axial RM 7.62mm 1/3W R3")
    (path /58DC080D)
    (fp_text reference R6 (at 2.533961 -1.941797) (layer F.SilkS)
      (effects (font (size 1 1) (thickness 0.15)))
    )
    (fp_text value 10K (at 3.81 0) (layer F.Fab)
      (effects (font (size 1 1) (thickness 0.15)))
    )
    (fp_line (start 1.27 1.27) (end 1.27 -1.27) (layer F.SilkS) (width 0.15))
    (fp_line (start 6.35 1.27) (end 1.27 1.27) (layer F.SilkS) (width 0.15))
    (fp_line (start 6.35 -1.27) (end 6.35 1.27) (layer F.SilkS) (width 0.15))
    (fp_line (start 1.27 -1.27) (end 6.35 -1.27) (layer F.SilkS) (width 0.15))
    (fp_line (start -1.25 1.5) (end 8.85 1.5) (layer F.CrtYd) (width 0.05))
    (fp_line (start 8.85 -1.5) (end 8.85 1.5) (layer F.CrtYd) (width 0.05))
    (fp_line (start -1.25 1.5) (end -1.25 -1.5) (layer F.CrtYd) (width 0.05))
    (fp_line (start -1.25 -1.5) (end 8.85 -1.5) (layer F.CrtYd) (width 0.05))
    (pad 2 thru_hole circle (at 7.62 0) (size 1.99898 1.99898) (drill 1.00076) (layers *.Cu *.SilkS *.Mask)
      (net 3 GND))
    (pad 1 thru_hole circle (at 0 0) (size 1.99898 1.99898) (drill 1.00076) (layers *.Cu *.SilkS *.Mask)
      (net 5 "Net-(C3-Pad1)"))
  )

  (module Resistors_THT:Resistor_Horizontal_RM7mm (layer F.Cu) (tedit 569FCF07) (tstamp 58DC05A5)
    (at 81.286039 69.886797 180)
    (descr "Resistor, Axial,  RM 7.62mm, 1/3W,")
    (tags "Resistor Axial RM 7.62mm 1/3W R3")
    (path /58DC0814)
    (fp_text reference R5 (at 5.086039 1.941797 180) (layer F.SilkS)
      (effects (font (size 1 1) (thickness 0.15)))
    )
    (fp_text value 10K (at 3.81 0 180) (layer F.Fab)
      (effects (font (size 1 1) (thickness 0.15)))
    )
    (fp_line (start -1.25 -1.5) (end 8.85 -1.5) (layer F.CrtYd) (width 0.05))
    (fp_line (start -1.25 1.5) (end -1.25 -1.5) (layer F.CrtYd) (width 0.05))
    (fp_line (start 8.85 -1.5) (end 8.85 1.5) (layer F.CrtYd) (width 0.05))
    (fp_line (start -1.25 1.5) (end 8.85 1.5) (layer F.CrtYd) (width 0.05))
    (fp_line (start 1.27 -1.27) (end 6.35 -1.27) (layer F.SilkS) (width 0.15))
    (fp_line (start 6.35 -1.27) (end 6.35 1.27) (layer F.SilkS) (width 0.15))
    (fp_line (start 6.35 1.27) (end 1.27 1.27) (layer F.SilkS) (width 0.15))
    (fp_line (start 1.27 1.27) (end 1.27 -1.27) (layer F.SilkS) (width 0.15))
    (pad 1 thru_hole circle (at 0 0 180) (size 1.99898 1.99898) (drill 1.00076) (layers *.Cu *.SilkS *.Mask)
      (net 1 +5V))
    (pad 2 thru_hole circle (at 7.62 0 180) (size 1.99898 1.99898) (drill 1.00076) (layers *.Cu *.SilkS *.Mask)
      (net 5 "Net-(C3-Pad1)"))
  )

  (module Resistors_THT:Resistor_Horizontal_RM7mm (layer F.Cu) (tedit 569FCF07) (tstamp 58DC057D)
    (at 90.811039 64.806797)
    (descr "Resistor, Axial,  RM 7.62mm, 1/3W,")
    (tags "Resistor Axial RM 7.62mm 1/3W R3")
    (path /58DC01C0)
    (fp_text reference R4 (at 2.533961 -1.941797) (layer F.SilkS)
